0 0.635692 0.95038 0.0278667 0.094466
0 0.933348 0.943324 0.0383427 0.111801
0 0.376669 0.324601 0.739821 0.649202
0 0.700221 0.763182 0.0206562 0.0989653
0 0.762435 0.920764 0.0278926 0.095933
0 0.965664 0.96575 0.0266933 0.0684999
0 0.806397 0.96219 0.0307419 0.0756203
0 0.920797 0.850279 0.0265015 0.102979
0 0.908574 0.679966 0.0269176 0.0980033
0 0.89739 0.738185 0.0315403 0.112224
0 0.876911 0.775702 0.0242542 0.0756632
0 0.78775 0.710075 0.0281343 0.111674
0 0.9212 0.565267 0.0237751 0.0706797
0 0.983227 0.85418 0.0283264 0.080641
0 0.849345 0.817785 0.0241365 0.093535
0 0.835543 0.864608 0.025494 0.111174
0 0.80977 0.786187 0.030274 0.0936661
0 0.8639 0.536468 0.027919 0.0778337
0 0.664342 0.862495 0.0176798 0.0934764
0 0.836904 0.626599 0.0257034 0.0758116
0 0.735166 0.886768 0.019982 0.0865377
0 0.763257 0.635425 0.0194077 0.073586
0 0.878593 0.65589 0.0235079 0.0845348
0 0.893247 0.892883 0.0247097 0.0987225
0 0.716913 0.703302 0.0183367 0.0924425
0 0.622261 0.855054 0.0236147 0.0891422
0 0.679118 0.67204 0.0196519 0.0883345
0 0.579604 0.554199 0.0159595 0.0642049
0 0.741664 0.571344 0.0211699 0.0844894
0 0.805171 0.649583 0.0202351 0.0889881
0 0.781202 0.533526 0.0186082 0.0652271
0 0.91898 0.631312 0.024177 0.0934964
0 0.679625 0.610271 0.0179834 0.0771154
0 0.703677 0.460943 0.0131563 0.0563776
0 0.622925 0.635087 0.0176207 0.0807037
0 0.602969 0.729554 0.0165827 0.0817173
0 0.754265 0.795515 0.0254574 0.0828969
0 0.691232 0.894229 0.0173681 0.0777571
0 0.665578 0.719865 0.021526 0.0726485
0 0.963621 0.732181 0.0214409 0.0749135
0 0.602329 0.517066 0.0160503 0.0668182
0 0.815157 0.480176 0.0172205 0.0657359
0 0.844005 0.572624 0.017971 0.0702964
0 0.751147 0.695501 0.0182888 0.083705
0 0.595581 0.637182 0.0176114 0.0877568
0 0.72414 0.620544 0.0179485 0.0776031
0 0.836906 0.703031 0.0279081 0.0912225
0 0.799723 0.505467 0.020104 0.0629872
0 0.772758 0.593348 0.0140013 0.0516184
0 0.44425 0.248554 0.762777 0.497108
0 0.790539 0.4652 0.0121397 0.0469953
0 0.641645 0.429076 0.0138302 0.0674184
0 0.652037 0.571021 0.0147215 0.05966
0 0.640421 0.629117 0.0171158 0.0873413
0 0.751615 0.523767 0.0129606 0.0520433
0 0.688571 0.420432 0.0167 0.0609751
0 0.732265 0.49098 0.00909888 0.0547568
0 0.821669 0.55303 0.0174705 0.0669198
0 0.710241 0.534526 0.0114773 0.0442434
0 0.687608 0.514359 0.012994 0.0752376
0 0.71665 0.45139 0.011388 0.0555567
0 0.60076 0.410602 0.011294 0.0491233
0 0.585553 0.548547 0.0155123 0.0734317
0 0.638446 0.525013 0.0153168 0.0859124
0 0.617942 0.441996 0.0108147 0.0517712
0 0.660594 0.639904 0.0172297 0.0744464
