0 0.360715 0.421932 0.0340218 0.0483737
0 0.344803 0.474112 0.0315504 0.0784192
0 0.312596 0.435801 0.0386842 0.0478156
0 0.339182 0.311115 0.0250863 0.0801633
0 0.282466 0.57624 0.0260041 0.0329573
0 0.347243 0.528543 0.0403275 0.0567975
0 0.373378 0.356373 0.0181693 0.0510062
0 0.393065 0.399655 0.0215264 0.0620176
0 0.336965 0.378052 0.0361237 0.0639873
0 0.315906 0.484416 0.040592 0.0515028
0 0.371221 0.303067 0.0304436 0.06711
0 0.30665 0.617133 0.030872 0.0574053
0 0.372494 0.496206 0.0171698 0.0665481
0 0.390007 0.497577 0.014337 0.0592067
0 0.344949 0.575113 0.0398315 0.0549884
0 0.349224 0.732687 0.0279929 0.0456069
0 0.2949 0.516397 0.03193 0.0422003
2 0.646659 0.600899 0.0244648 0.0389023
0 0.370067 0.293082 0.0350688 0.060963
0 0.370359 0.281914 0.036257 0.0478256
