0 0.289986 0.176161 0.0323534 0.0742965
0 0.310293 0.28549 0.0291222 0.0888845
0 0.336131 0.341345 0.0243702 0.0889896
0 0.306141 0.158381 0.020198 0.0826308
0 0.31349 0.566176 0.027907 0.0750595
0 0.349001 0.297375 0.0178407 0.0616424
0 0.339509 0.432044 0.0249896 0.0813978
0 0.314375 0.24384 0.0307577 0.0794525
0 0.315745 0.488908 0.0245274 0.0807357
0 0.349155 0.690869 0.0238863 0.064222
0 0.280184 0.0949428 0.0248394 0.0622689
0 0.353524 0.361874 0.0218887 0.09448
0 0.376904 0.408462 0.014613 0.0652429
0 0.300186 0.352472 0.0231511 0.088793
0 0.314142 0.39567 0.0271571 0.0918479
0 0.243569 0.0319907 0.0428767 0.0578046
2 0.540649 0.571654 0.00954103 0.0369026
0 0.286623 0.591613 0.01722 0.0577892
