0 0.123161 0.224935 0.0405428 0.0796665
0 0.169823 0.213613 0.0248477 0.0616795
0 0.164267 0.303934 0.0393157 0.045379
0 0.0948912 0.119601 0.0405713 0.0724469
0 0.0921877 0.194775 0.0407175 0.0712133
0 0.0537421 0.263171 0.0387659 0.0873005
0 0.0315079 0.0931471 0.0467739 0.0751498
0 0.131302 0.274253 0.0453847 0.0678482
0 0.219887 0.407985 0.0379931 0.0483697
0 0.0776919 0.26799 0.0409331 0.0736929
0 0.0928698 0.0497024 0.0278894 0.0613213
0 0.0412125 0.172472 0.042514 0.0737534
2 0.503032 0.565956 0.0233356 0.0538035
0 0.0561743 0.195531 0.0448718 0.078917
0 0.0228262 0.0495269 0.0381295 0.0405064
