0 0.309843 0.102312 0.0275303 0.0763312
0 0.291994 0.138612 0.032491 0.0885869
0 0.339662 0.360001 0.0329202 0.073538
0 0.359921 0.533413 0.0269683 0.064409
0 0.32013 0.438111 0.0313349 0.0812482
0 0.28475 0.0761932 0.0249664 0.0634889
0 0.329292 0.222299 0.0248966 0.0661891
0 0.347419 0.462144 0.0321666 0.056139
0 0.375305 0.413982 0.0177234 0.0610064
0 0.258066 0.0187526 0.0224817 0.0375052
0 0.283376 0.559165 0.0259938 0.0343542
0 0.317501 0.312036 0.0271582 0.0752454
0 0.308999 0.598277 0.032339 0.0637773
0 0.322585 0.25758 0.0240338 0.0714991
0 0.342781 0.507037 0.0352527 0.0495944
0 0.353094 0.71279 0.0318361 0.0500873
0 0.289423 0.502857 0.0382057 0.0459927
0 0.37349 0.478689 0.0186877 0.0560138
0 0.312004 0.528399 0.0382217 0.054525
0 0.320893 0.552114 0.0441926 0.0522606
2 0.567093 0.612185 0.0126873 0.0426179
