0 0.181749 0.304889 0.0434685 0.0679069
0 0.142646 0.228535 0.040624 0.0789997
0 0.242382 0.103079 0.0341642 0.0373751
0 0.141171 0.135831 0.0463036 0.05047
0 0.207998 0.364857 0.0304905 0.0657218
0 0.216372 0.224733 0.0382496 0.0416203
0 0.189045 0.156809 0.0424258 0.0400874
0 0.139547 0.0627929 0.052719 0.0571511
2 0.504955 0.560368 0.0231827 0.0480402
0 0.246257 0.504442 0.0230772 0.0773776
0 0.184865 0.0886798 0.046037 0.0465632
0 0.187819 0.0206687 0.0417835 0.0413373
0 0.129461 0.0385377 0.0385124 0.0419982
