0 0.256679 0.136658 0.0446327 0.0795576
0 0.296065 0.210957 0.0436057 0.0724797
0 0.230295 0.341838 0.0443148 0.0559236
0 0.276377 0.417179 0.0344414 0.069707
0 0.270923 0.252543 0.0337974 0.0907797
0 0.343925 0.309251 0.0247076 0.0658914
0 0.270594 0.495194 0.0204725 0.0675729
0 0.28236 0.124 0.0392796 0.0738334
0 0.229097 0.161715 0.0467809 0.0643696
0 0.31407 0.179844 0.0185715 0.0674515
0 0.230741 0.209786 0.0465908 0.064351
0 0.252378 0.0589562 0.0276124 0.0597135
0 0.208456 0.050296 0.0417318 0.0890154
0 0.297342 0.611851 0.0319697 0.0515851
0 0.212729 0.105331 0.0402184 0.0725746
2 0.507729 0.562513 0.0170733 0.0527324
0 0.213431 0.0201313 0.0285759 0.039748
