0 0.308349 0.152529 0.028652 0.0828378
0 0.345795 0.361552 0.0326748 0.0523708
0 0.295477 0.511695 0.0360168 0.044296
0 0.349807 0.416226 0.0334803 0.0499269
0 0.318398 0.482948 0.0411976 0.0506554
0 0.34602 0.222656 0.0218964 0.0740045
0 0.327382 0.277101 0.029561 0.102419
0 0.313883 0.421736 0.0370536 0.0685192
0 0.353433 0.727757 0.0320549 0.0456076
0 0.350247 0.476473 0.0308804 0.0786556
0 0.359208 0.305437 0.0180443 0.0655537
0 0.347202 0.52453 0.0378292 0.0512094
0 0.350835 0.569262 0.0350077 0.0494633
0 0.309037 0.607701 0.0303378 0.0633631
0 0.390648 0.484999 0.0174817 0.0552478
0 0.374214 0.491987 0.0167717 0.0617417
0 0.284984 0.570488 0.0267217 0.0296438
2 0.604091 0.612806 0.0160229 0.0423362
0 0.316992 0.531976 0.0414635 0.0548647
0 0.34168 0.232942 0.0212415 0.0777033
