0 0.819833 0.938389 0.0252575 0.102628
0 0.939482 0.947487 0.0371632 0.105026
0 0.852362 0.901285 0.0304571 0.104022
0 0.727388 0.777086 0.0202757 0.0958422
0 0.793768 0.473691 0.020632 0.0673829
0 0.804194 0.723527 0.0200829 0.0714593
0 0.578749 0.409209 0.0136404 0.0719179
0 0.722771 0.595341 0.0187929 0.077848
0 0.712963 0.958419 0.0267902 0.0819122
0 0.682276 0.804018 0.0227366 0.0686117
0 0.880238 0.893718 0.0304407 0.0961755
0 0.570365 0.912831 0.0256422 0.098979
0 0.732509 0.906047 0.0274277 0.103782
0 0.816927 0.842725 0.0221687 0.0837238
0 0.789526 0.528917 0.0282108 0.0718302
0 0.652286 0.441656 0.0179029 0.0738815
0 0.902737 0.836386 0.0248203 0.0942837
0 0.833493 0.655857 0.0245689 0.0851417
0 0.752545 0.527437 0.0206186 0.0758511
0 0.738231 0.694581 0.0234528 0.0718289
0 0.660195 0.387371 0.021453 0.0894362
0 0.704437 0.535607 0.0193176 0.0703081
0 0.684137 0.500624 0.0136246 0.0476253
0 0.777144 0.810919 0.0204468 0.0711945
0 0.690797 0.452638 0.0201207 0.0601703
0 0.576383 0.552474 0.0157534 0.0727856
0 0.632301 0.797174 0.0136297 0.0766374
0 0.751066 0.786623 0.0202902 0.0826101
0 0.864662 0.69366 0.0208988 0.0832772
0 0.554569 0.815852 0.0206049 0.0886434
0 0.706698 0.85401 0.024174 0.0759898
0 0.785207 0.777086 0.0205267 0.0693929
0 0.813429 0.59795 0.0181175 0.0739999
0 0.829849 0.771134 0.0196079 0.0642188
0 0.768507 0.432946 0.023287 0.064355
0 0.738365 0.403437 0.0168581 0.0532542
0 0.576652 0.787356 0.0172575 0.0880649
0 0.649327 0.914886 0.020191 0.0977664
0 0.830063 0.499592 0.0169432 0.0567996
0 0.55594 0.512064 0.0112156 0.0641541
0 0.775652 0.618036 0.0184553 0.0684344
0 0.594095 0.467716 0.0143139 0.0659188
0 0.605787 0.768955 0.0159319 0.0743456
0 0.624032 0.485128 0.0159655 0.0779138
0 0.717658 0.627974 0.017033 0.0640381
0 0.646295 0.542806 0.0187916 0.060152
0 0.724947 0.533439 0.0202061 0.0601793
0 0.65494 0.606087 0.0175648 0.0762148
0 0.62514 0.346051 0.0138915 0.0570568
0 0.620726 0.424591 0.0170551 0.0625943
0 0.578747 0.629039 0.0141251 0.0875442
0 0.787991 0.673833 0.0210537 0.0902203
0 0.596512 0.549013 0.0174751 0.0788711
0 0.614701 0.558992 0.0119443 0.0695606
0 0.608095 0.503755 0.0121622 0.0577093
0 0.825382 0.565664 0.0162224 0.0662996
0 0.626896 0.620229 0.0169685 0.0844508
0 0.650551 0.695617 0.0232319 0.0798096
0 0.770886 0.485513 0.0173973 0.0619119
0 0.577463 0.343393 0.0158435 0.061688
0 0.72752 0.490473 0.0177253 0.0530474
0 0.365951 0.317648 0.731902 0.565719
0 0.664186 0.592343 0.0172068 0.0790858
0 0.560154 0.578873 0.0148741 0.0623703
0 0.879724 0.832129 0.0226967 0.0750676
0 0.820583 0.685941 0.0245033 0.0999936
0 0.591946 0.299421 0.0127066 0.061678
0 0.553418 0.661833 0.0191362 0.0680072
0 0.568944 0.470139 0.00834452 0.057551
0 0.599011 0.648384 0.0146635 0.0650631
0 0.594662 0.35735 0.0144339 0.0611304
0 0.608386 0.350153 0.0146618 0.0643498
0 0.600423 0.433615 0.0133802 0.0603066
0 0.797823 0.627456 0.0227774 0.0641239
0 0.59717 0.359205 0.0152941 0.0580022
0 0.764571 0.980923 0.0195724 0.0360165
0 0.549824 0.663606 0.0150557 0.0660268
