0 0.720208 0.866508 0.0209822 0.0797387
0 0.65243 0.961412 0.0227287 0.0765996
0 0.70746 0.750853 0.020158 0.0687631
0 0.702086 0.900129 0.0206823 0.0708669
0 0.582416 0.814103 0.0201355 0.0696469
0 0.714075 0.963605 0.022072 0.0723483
0 0.651964 0.798498 0.0167608 0.0732285
0 0.741056 0.951594 0.0231554 0.0781838
0 0.568714 0.753749 0.0160269 0.0721508
0 0.680773 0.916794 0.0203115 0.0791933
0 0.62818 0.802033 0.0212082 0.079756
0 0.673514 0.776306 0.0287094 0.0716312
0 0.545663 0.886868 0.0147947 0.0809757
0 0.614263 0.940422 0.0201078 0.0945451
0 0.627562 0.861143 0.0211317 0.0703863
0 0.665394 0.849643 0.0178091 0.0574978
0 0.609275 0.850088 0.0220436 0.0705176
0 0.653218 0.89478 0.0174207 0.0673825
0 0.538789 0.792264 0.0154068 0.0768365
0 0.543513 0.65357 0.014572 0.0658449
0 0.539532 0.959201 0.0143125 0.07965
0 0.602087 0.786138 0.0173414 0.0679643
0 0.593273 0.676543 0.012982 0.0717582
0 0.6987 0.982322 0.0232763 0.0353566
0 0.690258 0.756841 0.023661 0.0672952
0 0.629432 0.628097 0.0141012 0.0620122
0 0.626613 0.911908 0.0234381 0.0746083
0 0.583621 0.973858 0.0135986 0.05161
0 0.5151 0.660359 0.0161943 0.0682712
0 0.638972 0.677735 0.0163831 0.0710868
0 0.555896 0.558964 0.0170958 0.0572693
0 0.574968 0.674574 0.013763 0.0637221
0 0.657773 0.528697 0.0174513 0.0661504
0 0.650188 0.714749 0.0146515 0.0664951
0 0.557232 0.648813 0.0154026 0.0694851
0 0.563854 0.890629 0.0134608 0.0725681
0 0.662489 0.674231 0.015274 0.0566571
0 0.653144 0.616695 0.0150928 0.0592821
0 0.609182 0.635485 0.0116924 0.0608278
0 0.640961 0.592184 0.0154551 0.0712722
0 0.58713 0.97316 0.0199419 0.0536807
0 0.553408 0.711782 0.0146259 0.0720314
0 0.684521 0.848489 0.016205 0.0560511
