0 0.769809 0.690788 0.0243559 0.0929694
0 0.876803 0.956607 0.0353708 0.0867859
0 0.798549 0.950217 0.0342203 0.0969003
0 0.810116 0.91162 0.0291309 0.105538
0 0.732051 0.851295 0.0240379 0.103039
0 0.842241 0.95467 0.0307146 0.0906134
0 0.805052 0.759927 0.0303307 0.101191
0 0.985415 0.816345 0.0291691 0.0996175
0 0.920293 0.729281 0.0336107 0.0959676
0 0.784152 0.628128 0.0245661 0.0941573
0 0.757709 0.82009 0.0325628 0.0932973
0 0.967659 0.956703 0.0280872 0.0852884
0 0.948303 0.963058 0.028577 0.0738834
0 0.953368 0.817636 0.0264605 0.0932092
0 0.701806 0.609314 0.0208136 0.0681642
0 0.834531 0.800918 0.0269974 0.109275
0 0.767113 0.902749 0.03036 0.097467
0 0.676758 0.592408 0.0180077 0.075431
0 0.670511 0.710806 0.0218995 0.0920907
0 0.717125 0.565185 0.0218417 0.0803741
0 0.854105 0.844475 0.0258738 0.0764799
0 0.732686 0.765869 0.0257307 0.0887878
0 0.865299 0.801143 0.0286728 0.0961951
0 0.812872 0.707116 0.029336 0.0758869
0 0.700648 0.94232 0.0244301 0.112241
0 0.688556 0.671838 0.0236121 0.0930135
0 0.679688 0.824612 0.0268926 0.119581
0 0.894415 0.745491 0.0225555 0.0800395
0 0.915322 0.886199 0.0301109 0.117331
0 0.956384 0.67585 0.0279171 0.114228
0 0.847549 0.597439 0.0254633 0.0881271
0 0.876553 0.590603 0.0246033 0.0781948
0 0.640764 0.968415 0.0197493 0.0608856
0 0.669341 0.918294 0.0223454 0.103366
0 0.638095 0.735301 0.0178318 0.0927511
0 0.88252 0.78259 0.0267178 0.107222
0 0.648954 0.916316 0.0233727 0.101061
0 0.788118 0.566814 0.0201223 0.0664864
0 0.690173 0.777264 0.0205637 0.0912092
0 0.989173 0.909693 0.0216551 0.121148
0 0.651 0.784231 0.0247412 0.0865143
0 0.42695 0.291 0.8539 0.582001
0 0.823516 0.653836 0.0269493 0.0828127
0 0.708968 0.680669 0.0216628 0.0833616
0 0.654219 0.571155 0.0128535 0.0751375
0 0.840903 0.714958 0.0210903 0.0779961
0 0.723546 0.653853 0.0229401 0.0966398
0 0.736036 0.626108 0.0256319 0.0886642
0 0.751581 0.581101 0.0185501 0.0843743
0 0.882562 0.648114 0.0264303 0.0739428
0 0.85234 0.559586 0.0196211 0.0637655
0 0.720887 0.561853 0.0223284 0.0837765
0 0.757511 0.777327 0.0329549 0.175997
0 0.738245 0.542886 0.0174516 0.092126
0 0.746342 0.719489 0.0233212 0.112088
