0 0.793649 0.919275 0.0266577 0.100995
0 0.70059 0.773765 0.0245911 0.068378
0 0.794041 0.696375 0.0253927 0.0888614
0 0.780878 0.803681 0.0265344 0.0890967
0 0.822965 0.819766 0.0292955 0.0804159
0 0.856295 0.969203 0.0344273 0.0615946
0 0.766332 0.857703 0.0209487 0.0752489
0 0.711356 0.915676 0.0256367 0.102004
0 0.653216 0.876873 0.0203226 0.0887458
0 0.670179 0.727342 0.0254274 0.0737529
0 0.606561 0.673703 0.0197878 0.0753715
0 0.747777 0.746163 0.0184025 0.0612349
0 0.682015 0.541037 0.0261047 0.0819611
0 0.665643 0.591153 0.015502 0.0611355
0 0.685786 0.79869 0.0215721 0.0795973
0 0.713107 0.616908 0.0195724 0.0613773
0 0.807291 0.838982 0.0212838 0.0749301
0 0.622547 0.607024 0.0161523 0.0722387
0 0.803689 0.883169 0.0231863 0.0678914
0 0.731591 0.832757 0.0198784 0.0577911
0 0.682331 0.46119 0.0229916 0.0551383
0 0.588194 0.72251 0.0140781 0.0624844
0 0.648922 0.970944 0.0228955 0.0580604
0 0.64911 0.539727 0.0184362 0.0748033
0 0.735222 0.798753 0.0207656 0.066196
0 0.650655 0.614278 0.0162113 0.0593401
0 0.555239 0.501821 0.0133722 0.0570332
0 0.629992 0.779003 0.0156794 0.0795736
0 0.57944 0.580965 0.0150424 0.0698449
0 0.564258 0.451855 0.0169313 0.0619742
0 0.766416 0.984861 0.0146652 0.0294183
0 0.604031 0.580499 0.0148085 0.0630108
0 0.626268 0.509123 0.0116669 0.0480389
0 0.583686 0.507317 0.0141493 0.0644519
0 0.565758 0.396982 0.0131182 0.0586616
0 0.547506 0.752777 0.0144512 0.0661955
0 0.570683 0.718984 0.0121014 0.0588223
0 0.538298 0.814081 0.0165535 0.0870168
0 0.543116 0.940943 0.0184879 0.0941674
0 0.653445 0.514261 0.0154788 0.0502301
0 0.757934 0.667033 0.0248272 0.075519
0 0.605771 0.391671 0.00980988 0.04838
0 0.708927 0.540458 0.0308236 0.0465872
0 0.637955 0.439021 0.0119265 0.0555456
0 0.744718 0.585235 0.0200832 0.0641371
0 0.729102 0.670712 0.022198 0.0754851
0 0.589872 0.871757 0.0141678 0.0738858
0 0.662893 0.457867 0.0195839 0.0654231
0 0.735293 0.591531 0.018083 0.0654347
0 0.554658 0.558446 0.012609 0.0694395
0 0.740355 0.670956 0.0180832 0.0705922
0 0.601245 0.462132 0.0118656 0.066972
0 0.588864 0.418361 0.0111185 0.0543298
0 0.565794 0.612503 0.0152502 0.0794805
0 0.754572 0.685038 0.0255861 0.0951779
0 0.552732 0.4124 0.00916328 0.0535567
0 0.743287 0.512865 0.015231 0.0419033
