3 0.221924 0.754933 0.11301 0.227735
3 0.0657813 0.559646 0.123525 0.12783
3 0.183641 0.588658 0.124361 0.131968
3 0.635263 0.692845 0.170326 0.181258
3 0.627132 0.515357 0.0871065 0.0795091
3 0.427944 0.751928 0.175985 0.205456
3 0.964522 0.627709 0.0684242 0.0961862
3 0.439207 0.654726 0.139734 0.193342
3 0.662587 0.413066 0.0436544 0.05357
3 0.53095 0.483273 0.0825639 0.0830205
3 0.620318 0.61924 0.145891 0.13501
3 0.405179 0.369883 0.0276053 0.0356945
3 0.460579 0.609684 0.110201 0.132503
3 0.333654 0.416703 0.0581974 0.04979
3 0.620033 0.59828 0.136927 0.125378
3 0.435608 0.388599 0.036957 0.0517875
3 0.484278 0.555306 0.104524 0.118615
3 0.29092 0.373241 0.0322369 0.0444814
3 0.300416 0.413038 0.0230937 0.0531006
3 0.502344 0.504592 0.0886241 0.106861
3 0.0275559 0.555881 0.0543775 0.127343
3 0.172608 0.19698 0.338286 0.363051
3 0.286721 0.366321 0.0263995 0.0350939
3 0.346974 0.366365 0.0226868 0.0363892
3 0.5252 0.496128 0.0858939 0.09766
3 0.714917 0.444884 0.0205307 0.0330351
3 0.499718 0.531351 0.0881051 0.130595
3 0.508449 0.421567 0.0628551 0.0518844
3 0.623277 0.535428 0.111662 0.0952199
