3 0.121495 0.782926 0.0258463 0.0608599
3 0.434411 0.541991 0.0322861 0.0337494
3 0.300484 0.52967 0.0318653 0.0384414
3 0.235829 0.447302 0.0231461 0.0521164
3 0.26125 0.627702 0.029491 0.0321042
3 0.270768 0.1815 0.0255489 0.0621067
3 0.271614 0.343034 0.0197156 0.0421413
3 0.301478 0.619022 0.0262387 0.027327
3 0.245718 0.504466 0.0283903 0.0528063
3 0.433768 0.579544 0.0272887 0.0323157
3 0.105322 0.853503 0.0325831 0.0604245
3 0.258015 0.386834 0.0229027 0.0406136
3 0.761406 0.544764 0.0192452 0.0473629
3 0.303724 0.257759 0.0219381 0.0581503
3 0.900725 0.493746 0.0173775 0.0327003
3 0.342629 0.604849 0.0217062 0.0289835
3 0.319069 0.973343 0.0251336 0.0502621
3 0.723406 0.550481 0.0161218 0.0369022
3 0.329808 0.170699 0.0209396 0.041818
3 0.317187 0.214887 0.0228425 0.0525967
3 0.657475 0.890167 0.0367662 0.11605
3 0.87724 0.493745 0.0167997 0.030968
3 0.860692 0.509218 0.0152328 0.0252101
