3 0.105893 0.664953 0.171905 0.207448
3 0.663845 0.558637 0.135852 0.130055
3 0.909094 0.515723 0.0703474 0.0770136
3 0.168212 0.498273 0.0887164 0.0991985
2 0.480929 0.951574 0.0403038 0.0948835
3 0.100939 0.49636 0.0894325 0.0992966
3 0.630167 0.455521 0.0770483 0.0688675
2 0.428513 0.940999 0.0301975 0.114368
3 0.691867 0.401433 0.0190603 0.0309002
2 0.449052 0.943539 0.0321938 0.110974
3 0.0366771 0.684754 0.0732645 0.145098
3 0.0881155 0.498037 0.063843 0.094378
3 0.396471 0.347651 0.0194727 0.0294897
3 0.51267 0.526004 0.109488 0.112261
3 0.591201 0.415277 0.058588 0.0501192
3 0.520576 0.598907 0.138702 0.132736
3 0.518624 0.474 0.096788 0.0878993
3 0.455133 0.374466 0.0249587 0.036455
3 0.640551 0.379046 0.032402 0.0394017
3 0.321384 0.381966 0.0295153 0.0452575
3 0.205298 0.182466 0.297243 0.336586
3 0.277418 0.513523 0.0768678 0.0975536
3 0.363762 0.388218 0.0239316 0.0373028
3 0.479438 0.380486 0.0290758 0.0373805
3 0.404643 0.348702 0.0264541 0.0328872
3 0.428149 0.359961 0.0206234 0.0444039
3 0.613537 0.504569 0.0610971 0.0740138
3 0.338629 0.386849 0.0556767 0.0454825
