3 0.441835 0.889848 0.22136 0.220305
3 0.127906 0.530882 0.109519 0.113858
3 0.502107 0.615605 0.140449 0.175253
3 0.690008 0.64527 0.154979 0.164459
3 0.056568 0.531925 0.108599 0.118202
3 0.24708 0.559471 0.102886 0.116545
3 0.0513977 0.752711 0.0993106 0.24441
3 0.50528 0.698157 0.167657 0.184285
3 0.655166 0.491112 0.089459 0.0767471
3 0.52957 0.410097 0.0594211 0.0463725
3 0.975827 0.590749 0.0483461 0.0924875
3 0.656084 0.4808 0.0852802 0.0531082
3 0.555936 0.471293 0.0915687 0.0790894
3 0.421733 0.358663 0.0226961 0.0331914
3 0.675373 0.400949 0.0418936 0.0464448
3 0.66215 0.581223 0.138938 0.120121
3 0.188267 0.182462 0.347622 0.338877
3 0.446861 0.378588 0.0273714 0.0443558
3 0.359416 0.357536 0.0311729 0.0404258
3 0.299851 0.360285 0.0208138 0.0404829
3 0.356825 0.403284 0.0544581 0.0504336
3 0.543113 0.478157 0.115029 0.0927146
3 0.473486 0.390907 0.0288806 0.0415163
3 0.510569 0.404316 0.0232844 0.0429045
3 0.32362 0.39442 0.0207636 0.0474372
3 0.648484 0.525083 0.101845 0.0700192
3 0.513673 0.559894 0.126012 0.149127
3 0.0418165 0.532027 0.0773498 0.110208
