3 0.139402 0.526496 0.107069 0.104609
3 0.405207 0.50565 0.0654749 0.094471
3 0.687111 0.674981 0.170397 0.1805
3 0.495449 0.635325 0.136921 0.187192
3 0.485236 0.722355 0.168015 0.194627
3 0.246433 0.560765 0.108539 0.11886
3 0.0378851 0.733757 0.0747899 0.213354
3 0.708449 0.406662 0.044898 0.0561206
3 0.448783 0.358549 0.0210997 0.0322154
3 0.0693239 0.525537 0.108603 0.115104
3 0.576035 0.474457 0.0851088 0.079334
3 0.674026 0.50588 0.0931056 0.0868597
3 0.476113 0.37695 0.0305564 0.048803
3 0.554623 0.412926 0.0605104 0.0507681
3 0.376852 0.403781 0.0636003 0.0475201
3 0.680355 0.604608 0.129007 0.129927
3 0.546914 0.515216 0.0873365 0.0972987
3 0.35194 0.400189 0.0254144 0.0460504
3 0.209695 0.187321 0.378863 0.343823
3 0.537838 0.535598 0.10102 0.113215
3 0.673326 0.493771 0.0878939 0.0568442
3 0.391455 0.35684 0.0248302 0.0384482
3 0.516212 0.578774 0.120929 0.151626
3 0.395642 0.404665 0.0257932 0.0404383
3 0.763068 0.439801 0.0197175 0.032982
