3 0.255573 0.411878 0.0235685 0.0505731
3 0.23655 0.458525 0.019959 0.0362723
3 0.412467 0.2243 0.0319252 0.0375676
3 0.181926 0.626154 0.0290609 0.0523941
3 0.362317 0.202634 0.0267185 0.043553
3 0.134542 0.762176 0.0241972 0.100286
3 0.376572 0.30158 0.0229162 0.0324779
3 0.531861 0.273567 0.0237314 0.027771
3 0.353379 0.154115 0.0200362 0.0451089
3 0.383251 0.0762441 0.0180438 0.0386603
3 0.527512 0.274916 0.0277548 0.0268479
3 0.338292 0.281244 0.0249497 0.0332765
3 0.447678 0.285503 0.0184582 0.0219387
3 0.409678 0.29323 0.0175909 0.0255408
3 0.373031 0.112324 0.0198194 0.0387149
