3 0.108602 0.668502 0.175773 0.220525
3 0.912868 0.516179 0.0706036 0.0784949
3 0.670661 0.561189 0.140489 0.134948
3 0.0376231 0.688801 0.0751967 0.14581
3 0.279321 0.514946 0.0780189 0.0979491
2 0.441529 0.940323 0.0340637 0.117818
3 0.167111 0.49747 0.0893605 0.0996839
3 0.0870946 0.498885 0.0642363 0.0958723
3 0.632243 0.452538 0.0745314 0.0687864
3 0.692372 0.402345 0.0176731 0.0314957
3 0.514498 0.517246 0.112011 0.0888262
3 0.39595 0.347155 0.0185343 0.0299043
3 0.530195 0.604719 0.135454 0.121378
3 0.523629 0.466935 0.0924526 0.0855294
3 0.642181 0.379086 0.0360263 0.0396612
2 0.458865 0.942372 0.0245057 0.112333
3 0.346578 0.387213 0.0606677 0.0446888
3 0.454797 0.374394 0.0242577 0.0367413
3 0.572527 0.409049 0.0440501 0.0413793
2 0.493313 0.954474 0.0426116 0.0909539
3 0.567539 0.439273 0.0304394 0.048297
3 0.18317 0.178271 0.33314 0.330951
3 0.325163 0.383981 0.0350466 0.0463165
3 0.613831 0.510596 0.0559072 0.0683395
3 0.408765 0.34899 0.0232327 0.032589
3 0.513248 0.536208 0.117463 0.110875
3 0.527388 0.452221 0.0941265 0.0894651
3 0.361106 0.387279 0.028801 0.0399551
