3 0.51921 0.352087 0.0303905 0.0350993
3 0.237063 0.495982 0.0228825 0.0526871
3 0.220674 0.548972 0.027239 0.0434329
3 0.11063 0.871723 0.0276878 0.10959
3 0.340479 0.220619 0.022528 0.0437476
3 0.371223 0.141152 0.0199878 0.0437584
3 0.362787 0.376454 0.0228676 0.0252856
3 0.348448 0.275274 0.0285594 0.0432385
3 0.333052 0.377848 0.0147423 0.0238211
3 0.351531 0.279488 0.0224309 0.031055
3 0.401972 0.0655248 0.0218642 0.0495449
3 0.359834 0.180507 0.0241276 0.0443607
3 0.111108 0.853203 0.023921 0.0762999
