3 0.325345 0.864143 0.126044 0.271714
3 0.354125 0.50339 0.0611405 0.115934
3 0.788679 0.222436 0.0475182 0.0504332
3 0.73951 0.224693 0.0458907 0.0514874
3 0.892867 0.232812 0.0439766 0.0481303
3 0.701229 0.294619 0.0586566 0.0707688
3 0.80553 0.430238 0.0646616 0.10389
3 0.971653 0.229675 0.04272 0.046169
3 0.713354 0.296167 0.0808132 0.0731848
3 0.737736 0.338943 0.0798519 0.0693731
3 0.443207 0.139603 0.0247405 0.0549526
3 0.830226 0.218748 0.0357723 0.0643907
3 0.678999 0.263066 0.0554136 0.070334
3 0.776574 0.374782 0.10339 0.110466
3 0.871355 0.426326 0.0585262 0.104767
3 0.67044 0.251027 0.0636094 0.0644595
3 0.682652 0.271802 0.0607162 0.0664322
3 0.763271 0.378511 0.0771592 0.0975901
