3 0.32453 0.87473 0.123551 0.249479
3 0.351602 0.505744 0.0623597 0.113771
3 0.77853 0.219135 0.04662 0.0509712
3 0.750705 0.368622 0.0796246 0.0971491
3 0.729834 0.221956 0.0474659 0.046299
3 0.725924 0.313452 0.0791025 0.107188
3 0.881934 0.230812 0.038689 0.0410059
3 0.441732 0.139697 0.0236248 0.0521784
3 0.691505 0.289492 0.0576368 0.066488
3 0.816096 0.214104 0.0289711 0.0561689
3 0.0175231 0.981416 0.033508 0.0371669
3 0.70341 0.289992 0.0824367 0.0699699
3 0.782894 0.415874 0.0546385 0.09788
