3 0.159292 0.340197 0.0760857 0.10862
3 0.854074 0.10057 0.0376205 0.051757
3 0.775137 0.146323 0.0765026 0.0878112
3 0.822216 0.174927 0.0728569 0.0758909
3 0.706216 0.137609 0.0406357 0.0508142
3 0.969426 0.140274 0.045649 0.0623913
3 0.726807 0.0211293 0.0228101 0.039486
3 0.135283 0.0756229 0.0358037 0.0537883
3 0.951176 0.0616476 0.05788 0.0542331
3 0.749695 0.0174457 0.0169699 0.0348914
3 0.0267128 0.750868 0.0529153 0.498264
3 0.614494 0.0398954 0.0249804 0.0436717
3 0.572267 0.0437539 0.0359684 0.049863
3 0.566817 0.0424511 0.0449492 0.0547444
3 0.931087 0.0300504 0.0256248 0.0403566
