0 0.803932 0.762788 0.0511776 0.092403
0 0.745499 0.652539 0.0320309 0.0676873
0 0.417782 0.97575 0.0289314 0.0458013
0 0.812766 0.649481 0.0437046 0.0691725
0 0.804727 0.5724 0.0391691 0.0497336
0 0.970016 0.618281 0.0496164 0.0588293
0 0.916399 0.727422 0.0587025 0.0635201
0 0.847439 0.614603 0.0391399 0.0602039
0 0.641447 0.513592 0.0177374 0.0464544
0 0.855459 0.536561 0.0252069 0.0371056
0 0.569851 0.751257 0.0122641 0.0724792
0 0.663963 0.628373 0.0122202 0.0480285
0 0.839164 0.439967 0.0174843 0.0256093
0 0.898152 0.544674 0.0361919 0.0445477
0 0.6815 0.479653 0.0144148 0.0331846
0 0.731199 0.533628 0.0223272 0.0266929
0 0.725684 0.694356 0.0374865 0.0823515
0 0.971309 0.57088 0.0369446 0.0362854
0 0.688567 0.549408 0.0301041 0.0436666
0 0.546025 0.437701 0.00758915 0.0245962
0 0.469442 0.355339 0.00620375 0.0218053
0 0.754906 0.610837 0.0254749 0.0511046
0 0.559106 0.404637 0.00623646 0.0198388
0 0.709288 0.478873 0.0133528 0.0333829
0 0.803271 0.376144 0.0129418 0.0265953
0 0.771474 0.528858 0.028513 0.0329588
0 0.6406 0.416502 0.0173074 0.0249583
0 0.725991 0.679468 0.0358315 0.0549637
0 0.670339 0.416765 0.0197465 0.0255803
0 0.643444 0.37786 0.0114456 0.0226801
0 0.508495 0.403873 0.00537586 0.0183062
0 0.526936 0.380342 0.00869217 0.0236519
0 0.479848 0.430862 0.00544472 0.0206316
0 0.59819 0.56263 0.00941553 0.0428212
0 0.461892 0.504679 0.0138593 0.0455431
0 0.452281 0.605735 0.00875998 0.042932
0 0.838429 0.471104 0.0196758 0.0315287
