0 0.699095 0.850945 0.0284742 0.0896556
0 0.657528 0.530245 0.0170835 0.036683
0 0.676659 0.507225 0.012578 0.033819
0 0.66484 0.603141 0.0194397 0.0456495
0 0.718758 0.625746 0.0230006 0.0424939
0 0.538312 0.864861 0.0248632 0.089463
0 0.749774 0.973277 0.0242069 0.0509549
0 0.642358 0.81732 0.0211205 0.0644067
0 0.641144 0.479873 0.0109724 0.0296499
0 0.594517 0.911298 0.0254285 0.111457
0 0.511319 0.698262 0.0213718 0.0647447
0 0.652841 0.436876 0.0105482 0.0235339
0 0.674456 0.922143 0.0245502 0.0571123
0 0.551074 0.445769 0.010684 0.0261568
0 0.583072 0.748182 0.0173443 0.0781518
0 0.6707 0.682558 0.0266263 0.0613942
0 0.752191 0.718293 0.0273325 0.071696
0 0.761051 0.685121 0.0438953 0.0544596
0 0.575574 0.548065 0.016019 0.0349475
0 0.489709 0.479437 0.00910187 0.0287727
0 0.579524 0.607466 0.00833416 0.0528825
0 0.609053 0.67451 0.0161062 0.057835
0 0.441966 0.386915 0.0164778 0.0208931
0 0.525769 0.511121 0.0110652 0.0256946
0 0.616841 0.474247 0.00873585 0.0245445
0 0.697424 0.633654 0.0183797 0.0339848
0 0.597453 0.569725 0.00963783 0.0421583
0 0.617163 0.428314 0.00917091 0.0195872
0 0.476743 0.381786 0.0127849 0.0257355
0 0.544604 0.484532 0.00848608 0.0251316
0 0.527684 0.406512 0.00762405 0.0242125
0 0.482227 0.437707 0.00747395 0.0266869
0 0.494529 0.417819 0.00722246 0.0202828
