0 0.510794 0.787359 0.0323246 0.0662225
0 0.348517 0.772117 0.0379076 0.0385841
0 0.509156 0.632448 0.0182123 0.0438633
0 0.590536 0.511618 0.00849304 0.03306
0 0.191455 0.817705 0.0445346 0.044499
0 0.225007 0.923959 0.0556729 0.0626197
0 0.423632 0.598297 0.0251965 0.0342022
0 0.492709 0.583038 0.0180832 0.0350318
0 0.296384 0.725514 0.0408049 0.0381422
0 0.603994 0.485623 0.00773029 0.0200834
0 0.381972 0.940031 0.0519034 0.0799062
0 0.628479 0.532982 0.00822573 0.0274702
0 0.544171 0.572412 0.0117387 0.0302027
0 0.463226 0.62787 0.0251398 0.0374895
0 0.579634 0.781748 0.0185501 0.0597063
0 0.404889 0.672673 0.0220304 0.0378067
0 0.564892 0.629848 0.0108872 0.0394892
0 0.572868 0.506431 0.0106647 0.0252361
0 0.518503 0.530364 0.0146638 0.0291787
0 0.614956 0.717762 0.0174923 0.0449688
0 0.508248 0.520595 0.0259571 0.0257536
0 0.732651 0.562653 0.00958242 0.0246736
0 0.584112 0.475315 0.00927868 0.0268655
