0 0.672935 0.752341 0.136123 0.0432963
0 0.492271 0.752591 0.114288 0.0428633
0 0.942223 0.766214 0.115554 0.0460564
0 0.229599 0.179384 0.0811332 0.0316103
0 0.424419 0.185201 0.074186 0.026987
0 0.315511 0.175105 0.0691746 0.0258751
0 0.606341 0.328805 0.0347255 0.0635039
0 0.158607 0.183051 0.0646466 0.0254765
0 0.0843901 0.184255 0.0667674 0.0217827
0 0.0272961 0.192312 0.0523361 0.0206399
0 0.480148 0.198564 0.0508288 0.0348973
0 0.597819 0.491327 0.0257034 0.0425663
0 0.607729 0.385425 0.0291541 0.0396181
