0 0.69442 0.870822 0.138662 0.0478487
0 0.517796 0.86909 0.119706 0.0460833
0 0.340252 0.22951 0.071107 0.0256518
0 0.181757 0.235692 0.0863612 0.0310223
0 0.258767 0.232755 0.0804747 0.0307809
0 0.957308 0.886744 0.0853394 0.0469147
0 0.0252271 0.243849 0.0454232 0.0199119
0 0.430362 0.241519 0.0664443 0.0295021
0 0.618654 0.386567 0.0325228 0.0308182
0 0.0754516 0.238128 0.0789735 0.0207735
0 0.492873 0.256729 0.0398752 0.0332593
0 0.611202 0.592543 0.0305342 0.0437578
0 0.375748 0.848569 0.0553039 0.07225
