3 0.206521 0.58345 0.0246832 0.0560934
3 0.320192 0.343655 0.025823 0.0461201
3 0.495997 0.421299 0.0301359 0.0333612
3 0.37319 0.367384 0.0327775 0.0360774
3 0.808627 0.393732 0.0169243 0.0355712
3 0.19211 0.645238 0.0311845 0.0529334
3 0.311147 0.291234 0.0230207 0.0463845
3 0.344775 0.202794 0.0221423 0.0450675
3 0.373587 0.443698 0.0216891 0.0247287
3 0.333915 0.45224 0.0223011 0.0261133
3 0.945349 0.360703 0.0184845 0.0281135
3 0.982111 0.350953 0.0188574 0.0400108
3 0.408793 0.435716 0.0193623 0.0236805
3 0.339891 0.0544113 0.0195507 0.0570803
3 0.125453 0.829533 0.0344496 0.0612347
3 0.0782006 0.946037 0.0180619 0.0318217
3 0.374702 0.123673 0.0206005 0.0536291
3 0.331316 0.244282 0.0238783 0.0461948
3 0.397846 0.0505788 0.0187314 0.0365831
3 0.907777 0.371193 0.0114214 0.0262405
3 0.834818 0.38855 0.0182917 0.0312232
3 0.304991 0.453684 0.0121695 0.0247996
3 0.866977 0.378468 0.0187485 0.0296972
3 0.43206 0.402772 0.0268 0.0272825
3 0.773538 0.400853 0.017523 0.0297279
