3 0.487919 0.633035 0.135283 0.185652
3 0.141254 0.524135 0.111886 0.109411
3 0.838045 0.575145 0.0824703 0.106626
3 0.684043 0.676601 0.17368 0.18135
3 0.247775 0.558126 0.110412 0.11952
3 0.680545 0.506319 0.0926898 0.0869612
3 0.476216 0.723266 0.170246 0.199025
3 0.459308 0.358984 0.0214682 0.0317919
3 0.036009 0.722955 0.0710363 0.200864
3 0.0769035 0.519577 0.110399 0.112464
3 0.532879 0.544683 0.0991031 0.115795
3 0.585003 0.474406 0.0782202 0.0777484
3 0.561685 0.411188 0.0653973 0.0533507
3 0.774311 0.442079 0.0193697 0.0315036
3 0.721115 0.408455 0.0463425 0.0519743
3 0.545335 0.534706 0.0926624 0.113758
3 0.67486 0.603876 0.146286 0.132519
3 0.487288 0.380101 0.0343939 0.0478833
3 0.353943 0.361618 0.0379254 0.0402279
3 0.360816 0.397362 0.0279706 0.0502869
3 0.0380772 0.305132 0.0244656 0.0261525
3 0.231066 0.558036 0.0731857 0.117962
3 0.225484 0.185586 0.362053 0.337317
3 0.388165 0.401666 0.0555221 0.0497537
3 0.511896 0.58523 0.103636 0.134206
