0 0.512756 0.426006 0.0722414 0.100638
0 0.739532 0.417697 0.046601 0.09704
0 0.813236 0.394863 0.0518105 0.0803777
0 0.555536 0.379403 0.0135118 0.057359
0 0.582726 0.368808 0.0203678 0.0399229
0 0.667698 0.374673 0.0143868 0.0260149
0 0.634746 0.403195 0.0198101 0.0666846
0 0.183676 0.376469 0.0199081 0.0349887
0 0.370853 0.359543 0.0233854 0.0615273
0 0.200556 0.350607 0.0184372 0.0313819
0 0.268449 0.350372 0.0152263 0.0309319
0 0.337395 0.359845 0.0167763 0.0482157
0 0.244608 0.37703 0.0188319 0.0783156
0 0.23639 0.354154 0.0152908 0.0438526
