0 0.6555 0.645002 0.110296 0.0451019
0 0.215919 0.127354 0.0755082 0.030595
0 0.917899 0.65508 0.124767 0.0439932
0 0.0923327 0.133838 0.0620542 0.0210249
0 0.47331 0.644212 0.113241 0.0419437
0 0.423286 0.13385 0.0685569 0.0261359
0 0.387775 0.619526 0.0456915 0.0403851
0 0.289409 0.123322 0.0656301 0.0236762
0 0.157043 0.132937 0.067603 0.0275402
0 0.0314293 0.141039 0.0536779 0.0209802
0 0.584166 0.408909 0.0284963 0.0389233
0 0.598316 0.247703 0.0285858 0.0373582
0 0.5942 0.312098 0.0227513 0.035234
0 0.481858 0.147985 0.0315336 0.0322989
