0 0.624838 0.546248 0.0988293 0.0429718
0 0.418533 0.517121 0.0633909 0.0371051
0 0.89289 0.553034 0.123003 0.0424553
0 0.0964864 0.086332 0.0632071 0.0180757
0 0.275117 0.0761588 0.0597084 0.0201605
0 0.211571 0.0832239 0.0782385 0.031796
0 0.471107 0.54868 0.0971815 0.0396908
0 0.0432013 0.0932449 0.0433169 0.0182874
0 0.589147 0.18477 0.0307532 0.0400524
0 0.419952 0.0870967 0.0559231 0.0269106
0 0.473368 0.0984328 0.0383584 0.0294906
0 0.577915 0.327251 0.024086 0.0355205
0 0.191963 0.083202 0.117281 0.0323956
0 0.590611 0.178983 0.0270518 0.0376154
