1 0.514746 0.69137 0.147012 0.403178
1 0.216852 0.483559 0.078475 0.150825
1 0.297763 0.146799 0.077278 0.0970331
1 0.367975 0.143905 0.0571137 0.0937982
1 0.695964 0.779747 0.247891 0.39614
1 0.924286 0.250923 0.0732029 0.132877
1 0.0285323 0.858601 0.0567527 0.262354
1 0.56155 0.265179 0.0643 0.0701178
1 0.450964 0.142057 0.0901169 0.0937511
1 0.145616 0.139493 0.0256098 0.108025
1 0.305969 0.423103 0.0967615 0.160679
1 0.858595 0.269223 0.0629955 0.0575634
1 0.137556 0.881655 0.27285 0.23669
1 0.677925 0.583067 0.0815563 0.0576219
1 0.144169 0.207121 0.115692 0.0486059
