1 0.546485 0.687883 0.190149 0.430993
1 0.55413 0.140131 0.0545902 0.099839
1 0.482746 0.143332 0.0697693 0.092556
1 0.334639 0.451057 0.0719251 0.139549
1 0.712856 0.794702 0.274123 0.410597
1 0.0706831 0.758994 0.141366 0.280185
1 0.0811551 0.547639 0.161146 0.272592
1 0.64195 0.141556 0.103434 0.0973951
1 0.154837 0.80985 0.302303 0.3803
1 0.882694 0.69914 0.0643658 0.0686479
1 0.0739649 0.804597 0.147848 0.390805
1 0.336498 0.197447 0.0995629 0.0424862
1 0.726997 0.608121 0.172117 0.113691
1 0.446582 0.451044 0.292062 0.253653
1 0.0166127 0.293214 0.0332254 0.165898
