1 0.273343 0.445033 0.0726077 0.13776
1 0.429282 0.690913 0.207775 0.44222
1 0.56292 0.145444 0.0510653 0.0928003
1 0.577443 0.594846 0.0899935 0.0855574
1 0.0219431 0.706486 0.0437436 0.193173
1 0.054429 0.525914 0.108858 0.224158
1 0.318513 0.914584 0.173632 0.170833
1 0.631794 0.637096 0.197779 0.171145
1 0.586532 0.258997 0.0432724 0.0595008
1 0.589181 0.789693 0.291911 0.420613
1 0.32722 0.131752 0.021396 0.110951
1 0.0612498 0.197337 0.0573802 0.0412764
1 0.658907 0.351799 0.0910257 0.0486839
1 0.337512 0.19936 0.0988148 0.0443272
1 0.620621 0.150592 0.166649 0.119412
1 0.185197 0.497363 0.0795954 0.0860372
1 0.384978 0.446692 0.286024 0.251604
1 0.0950962 0.786087 0.190192 0.387238
