1 0.49547 0.690035 0.199179 0.448855
1 0.313084 0.447918 0.0709384 0.142083
1 0.566841 0.142969 0.0507814 0.0988399
1 0.493926 0.144544 0.0724401 0.0926151
1 0.654202 0.793815 0.27998 0.412369
1 0.844879 0.7058 0.0626585 0.071638
1 0.0472537 0.713299 0.0939882 0.213292
1 0.0684276 0.199505 0.0566706 0.0440113
1 0.631943 0.595686 0.0834917 0.0824146
1 0.0734193 0.53659 0.146082 0.256224
1 0.68876 0.628679 0.192603 0.149096
1 0.221664 0.49739 0.0682335 0.0826469
1 0.600532 0.256967 0.0430537 0.0596966
1 0.680142 0.350727 0.0907991 0.0477868
1 0.126489 0.806756 0.252978 0.386488
1 0.0178295 0.284032 0.035659 0.159228
1 0.412565 0.92307 0.161164 0.15386
1 0.959799 0.719495 0.057938 0.0713381
1 0.769523 0.262643 0.143605 0.128096
1 0.072123 0.35104 0.13561 0.138643
1 0.330903 0.131121 0.0232194 0.111965
1 0.656065 0.143427 0.102675 0.0968856
1 0.348047 0.197481 0.0956998 0.0425576
1 0.417833 0.447228 0.28505 0.257828
1 0.500741 0.412017 0.0859665 0.127494
1 0.73757 0.624984 0.0882469 0.0727676
