3 0.363082 0.842682 0.259277 0.314636
3 0.74126 0.885559 0.316709 0.228882
3 0.364928 0.488661 0.119312 0.107316
3 0.369785 0.350627 0.0262618 0.0369935
3 0.300281 0.348132 0.0306516 0.0490367
3 0.404927 0.752501 0.217083 0.286398
3 0.695092 0.771337 0.280066 0.296365
3 0.688366 0.406442 0.0562284 0.0667405
3 0.493074 0.418109 0.0869041 0.0676098
3 0.436795 0.666176 0.205892 0.248103
3 0.659539 0.626798 0.16603 0.274104
3 0.66943 0.558142 0.142775 0.140918
3 0.529509 0.503779 0.109597 0.121662
3 0.491791 0.538738 0.127772 0.142822
3 0.470935 0.597006 0.15022 0.165538
3 0.266231 0.409824 0.0923873 0.0665157
3 0.682205 0.649674 0.227278 0.255015
3 0.461058 0.630365 0.167936 0.21095
3 0.766215 0.446207 0.0305305 0.043139
3 0.412602 0.703198 0.229523 0.329612
3 0.195202 0.964476 0.124391 0.0710473
3 0.244462 0.357342 0.0620186 0.0507765
3 0.429028 0.387291 0.0396147 0.0614703
3 0.411865 0.380191 0.0580997 0.0693619
3 0.446688 0.40319 0.0402328 0.0600141
3 0.0361627 0.697249 0.0721368 0.234501
2 0.121722 0.417235 0.00971584 0.0592256
3 0.275826 0.40387 0.0731559 0.0685824
