3 0.583988 0.391119 0.0261697 0.0406058
3 0.543554 0.57728 0.103946 0.1213
2 0.156584 0.934582 0.0431486 0.130836
3 0.0568644 0.509177 0.103112 0.103099
3 0.391846 0.619129 0.136829 0.141324
3 0.368016 0.43522 0.063149 0.0643851
2 0.254557 0.923967 0.0523947 0.152065
3 0.168272 0.526632 0.103918 0.105798
3 0.557108 0.461088 0.07612 0.0726374
3 0.543069 0.520141 0.106445 0.0984126
3 0.557426 0.450788 0.0733492 0.0494792
3 0.0114803 0.660388 0.0228649 0.130041
3 0.306401 0.401829 0.0172934 0.0248869
3 0.350209 0.354349 0.0199891 0.027223
3 0.553125 0.445552 0.0602926 0.0388814
3 0.449502 0.397344 0.0607603 0.0439429
3 0.456137 0.463672 0.106233 0.104344
3 0.398381 0.554241 0.113849 0.11675
3 0.435413 0.441404 0.0475045 0.0402056
3 0.157777 0.183957 0.307403 0.342565
3 0.459086 0.448955 0.0997828 0.0736859
3 0.260104 0.395378 0.0267379 0.0443846
3 0.399905 0.379493 0.0254983 0.0399222
3 0.0407843 0.51335 0.0769405 0.0981328
3 0.293615 0.352416 0.0238824 0.0363032
3 0.392294 0.534923 0.0997608 0.0745566
3 0.545061 0.500854 0.102012 0.0945124
3 0.281374 0.392703 0.0633821 0.0510773
