3 0.456935 0.687856 0.159673 0.186642
3 0.170265 0.494291 0.0894739 0.099726
3 0.113693 0.662686 0.170807 0.208836
3 0.915342 0.511279 0.0753088 0.0793279
3 0.672836 0.557897 0.137651 0.125281
3 0.523557 0.600987 0.150298 0.125389
3 0.0912144 0.493945 0.065198 0.0940465
3 0.525447 0.467516 0.0906852 0.0820056
3 0.643338 0.378211 0.0366428 0.0437017
3 0.281977 0.510181 0.078982 0.097573
3 0.0403612 0.685622 0.0802093 0.158346
3 0.939851 0.539512 0.0537052 0.0786524
3 0.454828 0.3734 0.0244635 0.0351903
2 0.442064 0.937941 0.0352713 0.122252
3 0.693486 0.400208 0.0165815 0.0303647
3 0.633378 0.451984 0.0770281 0.0626628
3 0.625529 0.440368 0.0584198 0.0437058
3 0.553108 0.432036 0.0605867 0.0616226
3 0.515885 0.513037 0.110621 0.107478
2 0.465426 0.938513 0.0356634 0.121444
3 0.397447 0.345716 0.0210422 0.0308319
3 0.402503 0.347037 0.0293822 0.036077
3 0.431307 0.357931 0.0255751 0.0425946
3 0.32258 0.37979 0.0262107 0.0443456
3 0.535182 0.431216 0.0960426 0.0682646
3 0.513823 0.529708 0.117098 0.105885
3 0.473421 0.377325 0.0271267 0.0396291
3 0.185637 0.178004 0.32524 0.328117
3 0.365517 0.386479 0.0231815 0.0362527
3 0.340684 0.385617 0.0434481 0.0452683
2 0.492164 0.947825 0.0478267 0.10435
3 0.612547 0.507341 0.0526371 0.0681086
3 0.506324 0.384397 0.0532463 0.0426783
3 0.337281 0.340663 0.0177747 0.0380927
