3 0.111008 0.695019 0.0241098 0.0566383
3 0.336418 0.78175 0.0306279 0.0359049
3 0.417071 0.695089 0.0370031 0.0494073
3 0.19853 0.868513 0.0312596 0.034041
3 0.669397 0.640848 0.0220661 0.053526
3 0.838739 0.532562 0.0253056 0.0591795
3 0.240352 0.841416 0.0256957 0.0344087
3 0.127176 0.754393 0.0297737 0.0477258
3 0.154561 0.894702 0.0330035 0.0391791
3 0.143404 0.57207 0.0202649 0.0572637
3 0.17237 0.46589 0.0221259 0.0755537
3 0.741659 0.577963 0.0190212 0.0326285
3 0.800303 0.546775 0.0165846 0.0354726
3 0.132516 0.627305 0.0285667 0.0608704
3 0.633042 0.659538 0.0182974 0.0437292
3 0.764739 0.579582 0.0203686 0.0401301
3 0.185508 0.772237 0.0248627 0.0338898
3 0.183642 0.412392 0.0267813 0.0537742
3 0.126591 0.38347 0.0171657 0.066036
