3 0.360154 0.845209 0.258664 0.309582
3 0.269317 0.567191 0.122441 0.150188
3 0.404891 0.764429 0.215818 0.293771
3 0.733911 0.894049 0.311702 0.211901
3 0.468148 0.605238 0.145693 0.160175
3 0.689297 0.783469 0.26977 0.319502
3 0.683301 0.408747 0.0558838 0.0663126
3 0.666089 0.566506 0.14579 0.141857
3 0.491913 0.420436 0.0816944 0.067021
3 0.523624 0.511507 0.114601 0.126239
3 0.370476 0.353301 0.0306162 0.0388966
3 0.262537 0.414742 0.0938245 0.0675284
3 0.759734 0.450975 0.0261658 0.0441093
3 0.440305 0.659448 0.193148 0.248785
3 0.402625 0.380202 0.0441193 0.0584802
3 0.0361302 0.692938 0.0722605 0.199417
3 0.688106 0.649031 0.243639 0.279039
3 0.299932 0.351907 0.0272396 0.0435603
3 0.206869 0.97638 0.110141 0.0472408
3 0.483644 0.546823 0.128867 0.14306
3 0.427371 0.390524 0.0396784 0.064207
3 0.659145 0.626591 0.160407 0.262285
3 0.445797 0.405899 0.0387134 0.0583608
3 0.417015 0.679667 0.218606 0.275239
3 0.689751 0.712603 0.25563 0.387335
2 0.167329 0.399605 0.0117574 0.0534672
