0 0.317951 0.569598 0.0246078 0.0338431
0 0.433591 0.503066 0.0338114 0.0348223
0 0.157186 0.662374 0.0355723 0.033196
0 0.117051 0.608539 0.0286281 0.0317449
0 0.235926 0.629142 0.044805 0.0360353
0 0.455985 0.40634 0.0132088 0.0171617
0 0.495126 0.442056 0.0144142 0.0280423
0 0.33 0.532193 0.0288846 0.0282849
0 0.379567 0.462598 0.0250472 0.0266929
0 0.480093 0.475803 0.018625 0.0233383
0 0.231616 0.512664 0.0206632 0.0226479
0 0.497061 0.430965 0.0148195 0.021209
0 0.0670375 0.652579 0.0400797 0.0390564
0 0.323939 0.569889 0.0363546 0.0392488
