0 0.851178 0.846232 0.0650051 0.0797614
0 0.604893 0.964228 0.0276979 0.0646098
0 0.81207 0.547395 0.0405424 0.0509372
0 0.882405 0.633846 0.0580643 0.0565303
0 0.941614 0.947902 0.0961979 0.104195
0 0.662859 0.558684 0.0390572 0.0520867
0 0.689864 0.608319 0.0311859 0.0644053
0 0.919377 0.596055 0.0340853 0.0388351
0 0.721669 0.510764 0.0281111 0.0365585
0 0.835347 0.684587 0.0348776 0.0637936
0 0.830227 0.49063 0.0234154 0.0322911
0 0.70772 0.545191 0.0385174 0.0563245
0 0.694866 0.478834 0.0232661 0.0300771
0 0.677465 0.442939 0.0170224 0.0273321
0 0.580728 0.440259 0.0104928 0.0239926
0 0.601769 0.534528 0.0107294 0.0327287
0 0.46853 0.506682 0.0107706 0.0351462
0 0.802489 0.59499 0.042161 0.0502096
0 0.481124 0.558597 0.00731592 0.0394129
0 0.464846 0.430086 0.00841532 0.0283205
0 0.649808 0.507523 0.0288753 0.0466585
0 0.761558 0.482159 0.0282239 0.041304
0 0.631975 0.465402 0.00707207 0.0226295
0 0.687678 0.798557 0.0420487 0.109542
0 0.520804 0.382657 0.00959435 0.0230492
0 0.934357 0.933775 0.0799805 0.0749661
0 0.787906 0.453818 0.0174946 0.0233817
0 0.688692 0.78172 0.0431824 0.0789724
0 0.451326 0.47293 0.00993137 0.0294856
0 0.396683 0.826186 0.025182 0.091807
0 0.387818 0.460872 0.014692 0.0467111
0 0.715273 0.451672 0.0210365 0.0274182
0 0.464749 0.368558 0.00845642 0.0231457
