0 0.20151 0.80467 0.060558 0.107309
0 0.651258 0.748185 0.0377479 0.086829
0 0.441823 0.441459 0.0158605 0.0318253
0 0.213556 0.677436 0.0598125 0.0652318
0 0.539338 0.715087 0.0293304 0.0900286
0 0.657021 0.672772 0.0354095 0.0668991
0 0.570946 0.671042 0.025609 0.0690864
0 0.550006 0.813528 0.0349005 0.103782
0 0.493399 0.465902 0.0080059 0.0266091
0 0.442149 0.84862 0.0474018 0.112148
0 0.539608 0.53862 0.0150232 0.0508599
0 0.509497 0.627355 0.0153743 0.0484028
0 0.489359 0.515788 0.00973606 0.0432317
0 0.292301 0.397403 0.0217693 0.0291977
0 0.480647 0.572298 0.0107577 0.0486734
0 0.453339 0.720238 0.0140471 0.078663
0 0.546265 0.417743 0.0101326 0.0268785
0 0.366827 0.415256 0.00835609 0.0196058
0 0.577405 0.439775 0.00867615 0.0254695
0 0.230076 0.562263 0.0276638 0.0432883
0 0.554103 0.455922 0.0113086 0.0279585
0 0.46813 0.415369 0.00953903 0.0255688
0 0.414345 0.485781 0.009659 0.0310811
0 0.42293 0.666351 0.0122209 0.0670863
0 0.597669 0.540611 0.0173258 0.0513228
0 0.494465 0.412794 0.00832005 0.0262003
0 0.417896 0.4031 0.00832176 0.0303328
0 0.391254 0.331277 0.00825424 0.0200237
