1 0.0725641 0.264348 0.145128 0.277792
1 0.480194 0.694616 0.208306 0.458746
1 0.362162 0.434319 0.0690824 0.141131
1 0.680279 0.145934 0.0546467 0.0907969
1 0.634213 0.602743 0.107765 0.0959481
1 0.0653258 0.666542 0.12954 0.229539
1 0.0471223 0.855706 0.093767 0.287123
1 0.347737 0.901493 0.173657 0.197014
1 0.695483 0.653465 0.224487 0.198228
1 0.123963 0.769735 0.246223 0.460529
1 0.691519 0.26126 0.0471521 0.0645867
1 0.451528 0.197806 0.0913212 0.0447937
1 0.279362 0.473878 0.0648001 0.0708498
1 0.639082 0.794578 0.317817 0.410844
1 0.442682 0.130224 0.021408 0.107575
1 0.759954 0.361568 0.0987196 0.0518913
1 0.759268 0.64089 0.0884401 0.0783557
1 0.979621 0.778204 0.0396318 0.0954714
1 0.34298 0.746152 0.0711375 0.106282
1 0.749666 0.150405 0.185867 0.119868
