1 0.224207 0.501795 0.0703641 0.151695
1 0.385267 0.419626 0.0573819 0.134287
1 0.227445 0.149913 0.0826489 0.104562
1 0.295421 0.146653 0.0651577 0.0984786
1 0.30228 0.428397 0.0895391 0.158534
1 0.604337 0.695065 0.13635 0.412699
1 0.0613788 0.884541 0.122485 0.230918
1 0.841377 0.241197 0.0361637 0.118287
1 0.699482 0.569412 0.0773448 0.0492463
1 0.0589065 0.14509 0.0298182 0.117166
1 0.383388 0.143135 0.0958082 0.0926112
1 0.177666 0.871962 0.355331 0.256075
1 0.714863 0.744862 0.360929 0.452215
1 0.929228 0.249574 0.0728567 0.0481064
1 0.230313 0.901148 0.253094 0.197704
1 0.0643926 0.222527 0.128695 0.0552845
