1 0.51638 0.688629 0.164114 0.414072
1 0.264499 0.465945 0.0735971 0.144763
1 0.380392 0.146044 0.0709074 0.098828
1 0.447103 0.141863 0.0587747 0.0981733
1 0.688796 0.793113 0.251744 0.410449
1 0.0409925 0.824268 0.0817913 0.306142
1 0.138145 0.846256 0.271453 0.307489
1 0.0368255 0.573766 0.0731268 0.226451
1 0.445612 0.917415 0.223358 0.165171
1 0.533325 0.140661 0.0984818 0.094526
1 0.237179 0.136395 0.0191436 0.0985033
1 0.817335 0.659537 0.0542597 0.0592874
1 0.947036 0.279657 0.0705811 0.0670942
1 0.630205 0.267662 0.0674349 0.0716778
1 0.507637 0.253105 0.0390551 0.062783
