1 0.75884 0.26677 0.0505621 0.0728905
1 0.493976 0.697186 0.210434 0.47023
1 0.760653 0.147997 0.0541206 0.0991708
1 0.110242 0.253391 0.220448 0.30862
1 0.401195 0.4174 0.0608376 0.124443
1 0.923902 0.299832 0.132847 0.099027
1 0.0853194 0.627239 0.170083 0.227248
1 0.726126 0.660242 0.237143 0.208442
1 0.0612332 0.822242 0.122466 0.327993
1 0.833362 0.152948 0.202063 0.121612
1 0.519123 0.196375 0.0892393 0.0450998
1 0.345505 0.888423 0.167704 0.219147
1 0.516685 0.130804 0.0204519 0.103063
1 0.324104 0.450067 0.085971 0.0807195
1 0.13678 0.753737 0.270041 0.492526
1 0.664702 0.609494 0.117318 0.104715
