1 0.488279 0.674529 0.208964 0.443307
1 0.817795 0.272709 0.0563241 0.0727033
1 0.963909 0.304706 0.0721827 0.102529
1 0.0666204 0.775898 0.13318 0.303058
1 0.736042 0.665757 0.237937 0.209836
1 0.216427 0.667358 0.124997 0.198089
1 0.891341 0.154644 0.171011 0.122819
1 0.676328 0.61377 0.118088 0.105012
1 0.0973705 0.596319 0.194446 0.216327
1 0.132518 0.870942 0.264208 0.258116
1 0.171234 0.238654 0.218137 0.255934
1 0.582936 0.196064 0.0895939 0.0423836
1 0.808533 0.669294 0.0966438 0.101526
1 0.834156 0.147051 0.0579029 0.099636
1 0.765057 0.332898 0.0478417 0.032719
1 0.32727 0.873941 0.156135 0.242417
