3 0.768933 0.542798 0.0897285 0.151973
3 0.955821 0.481586 0.0883587 0.134647
3 0.915969 0.378572 0.0806328 0.0916664
3 0.494765 0.150838 0.0592117 0.0707086
3 0.880644 0.326979 0.0568014 0.0769569
3 0.65072 0.529558 0.067675 0.129943
3 0.878585 0.460719 0.0878368 0.124624
3 0.788543 0.186859 0.0606643 0.0619024
3 0.714995 0.0812131 0.054538 0.0682703
3 0.581554 0.451703 0.0642426 0.0752002
3 0.974369 0.117484 0.0487232 0.0657452
3 0.68724 0.180536 0.0263235 0.0392916
3 0.772947 0.144665 0.0483821 0.0692216
3 0.696399 0.0286753 0.0677954 0.0573506
3 0.842048 0.490632 0.0770165 0.12531
3 0.985744 0.157241 0.028512 0.0688249
3 0.645984 0.253156 0.0223722 0.0300716
3 0.244711 0.436572 0.0140581 0.0452642
3 0.654956 0.135343 0.0196988 0.0293915
3 0.856734 0.0124526 0.0160683 0.0249052
3 0.932809 0.0709772 0.0191292 0.0371246
3 0.947779 0.0856213 0.0250778 0.0448253
3 0.435569 0.00984089 0.0158863 0.0196818
3 0.878914 0.027429 0.0166367 0.0320604
