3 0.764868 0.654032 0.0520164 0.051452
3 0.50516 0.440484 0.0216948 0.0384189
3 0.639688 0.61361 0.0517799 0.0553138
3 0.579412 0.594455 0.0484584 0.0528183
3 0.692171 0.629176 0.0505283 0.0623734
3 0.520465 0.354638 0.0243278 0.042119
3 0.450597 0.309847 0.0227872 0.0308947
3 0.410878 0.330279 0.0184436 0.0465613
3 0.820657 0.668212 0.0349579 0.0510075
3 0.390873 0.683388 0.0210866 0.0647238
3 0.38511 0.374466 0.022716 0.0349379
3 0.506936 0.436563 0.0197689 0.0340747
3 0.0515082 0.0835488 0.0151339 0.0210648
3 0.498316 0.351943 0.0166775 0.027539
3 0.343318 0.759362 0.00826149 0.0366075
