3 0.923435 0.210924 0.0872574 0.13044
3 0.555456 0.182286 0.0598379 0.0824747
3 0.891838 0.10671 0.0772816 0.0984403
3 0.811328 0.220225 0.0712387 0.118314
3 0.84693 0.18778 0.0813597 0.124112
3 0.734365 0.268356 0.0796144 0.143694
3 0.293166 0.88756 0.0582599 0.209294
3 0.860149 0.0588284 0.0565537 0.0795676
3 0.626261 0.264103 0.0512351 0.113965
3 0.268405 0.374608 0.0163408 0.0468821
3 0.981178 0.245659 0.0372974 0.119058
3 0.68097 0.0736452 0.0252031 0.058889
3 0.396099 0.0127069 0.0164536 0.0250532
