3 0.780153 0.104707 0.0763649 0.0761202
3 0.759416 0.738459 0.0717887 0.145474
3 0.803854 0.171535 0.055851 0.0747053
3 0.888731 0.305377 0.0726702 0.0743059
3 0.89201 0.746929 0.108398 0.190059
3 0.561949 0.2461 0.0641509 0.0690016
3 0.514622 0.0576457 0.0633692 0.0750647
3 0.669867 0.621144 0.0685151 0.084473
3 0.776055 0.291506 0.02925 0.0412924
3 0.957435 0.0838699 0.021986 0.0442396
3 0.738619 0.23497 0.0215288 0.0356191
3 0.677277 0.0634969 0.0281641 0.0379186
3 0.732284 0.379841 0.0261122 0.0374273
3 0.872338 0.24955 0.0512981 0.072969
3 0.978423 0.629131 0.0430689 0.118654
3 0.962199 0.723028 0.0756027 0.260002
3 0.988453 0.0744612 0.0219551 0.0495687
3 0.66353 0.28623 0.0233196 0.0404911
3 0.275813 0.362631 0.0130054 0.0428748
3 0.961686 0.689774 0.0756205 0.164242
3 0.753431 0.264092 0.016086 0.0290232
