3 0.357595 0.851911 0.264638 0.296178
3 0.155359 0.705067 0.190041 0.263537
3 0.400794 0.771141 0.218208 0.29174
3 0.725952 0.89644 0.310213 0.20712
3 0.663485 0.569788 0.134232 0.142027
3 0.468928 0.608659 0.144952 0.161374
3 0.68465 0.79021 0.270264 0.314847
3 0.491415 0.42249 0.0821536 0.0652969
3 0.685282 0.411208 0.0621099 0.0692997
3 0.520224 0.514317 0.116454 0.128292
3 0.444829 0.408237 0.0384073 0.0603236
3 0.260519 0.417458 0.0927245 0.0675691
3 0.031168 0.719079 0.062336 0.252657
3 0.484819 0.55496 0.128644 0.149855
3 0.403813 0.382205 0.0474116 0.0620173
3 0.442955 0.658991 0.192025 0.247714
3 0.0339143 0.688039 0.0671387 0.182505
3 0.368954 0.352294 0.0307505 0.0377509
3 0.679532 0.670275 0.238693 0.245621
3 0.65533 0.624707 0.159806 0.249869
3 0.411611 0.727998 0.225019 0.309502
3 0.232933 0.35733 0.0489958 0.0419486
2 0.16419 0.402705 0.0111972 0.0558495
2 0.117786 0.425338 0.00872417 0.0563826
