3 0.738138 0.750677 0.200521 0.197147
3 0.125617 0.676058 0.167799 0.217433
3 0.0450274 0.707738 0.0892069 0.184082
3 0.178089 0.500484 0.0896658 0.102943
3 0.288621 0.518156 0.0753035 0.0996211
3 0.925614 0.518936 0.0706757 0.0772849
3 0.640774 0.455781 0.0790112 0.0688912
3 0.109799 0.49892 0.0869615 0.10319
3 0.683186 0.56187 0.138622 0.148308
3 0.648834 0.380604 0.037676 0.0423518
3 0.538299 0.604889 0.142748 0.130421
3 0.961379 0.543183 0.0729172 0.0923486
3 0.533076 0.471418 0.0938652 0.0839561
3 0.980124 0.590718 0.0397516 0.0855582
3 0.528125 0.510601 0.106632 0.0908915
3 0.70081 0.405269 0.0192155 0.0280674
3 0.43314 0.359814 0.0255905 0.0437017
3 0.408751 0.349104 0.0211194 0.0330982
3 0.348576 0.387444 0.0569444 0.0433994
3 0.207757 0.177741 0.289264 0.328423
3 0.362999 0.390124 0.0364937 0.038885
3 0.638219 0.445218 0.0712515 0.0461192
3 0.37146 0.390669 0.0195149 0.0376673
3 0.5369 0.453596 0.0872087 0.0721159
3 0.62193 0.444717 0.038611 0.0462874
3 0.638894 0.509561 0.0830695 0.0905983
3 0.338405 0.38527 0.0436038 0.0456599
3 0.460828 0.373834 0.024966 0.0375331
3 0.614064 0.376483 0.010673 0.0280051
3 0.341731 0.343104 0.0202106 0.0406523
3 0.543359 0.435971 0.0931631 0.0662969
