3 0.779979 0.77033 0.0289949 0.0585456
3 0.820333 0.898344 0.0285936 0.0569282
3 0.675345 0.598878 0.0200769 0.0438565
3 0.485088 0.235154 0.0161017 0.0348105
3 0.509535 0.242073 0.0120096 0.0280782
3 0.417176 0.0906125 0.00961962 0.0230237
3 0.458517 0.189394 0.0136879 0.0284664
3 0.387267 0.0376498 0.0240952 0.0392754
3 0.697069 0.702775 0.0199608 0.0553738
3 0.55514 0.378333 0.0194312 0.0389475
3 0.558587 0.344017 0.0199167 0.0393019
3 0.485269 0.195469 0.0144784 0.028855
3 0.673492 0.671935 0.0619092 0.146717
3 0.413527 0.157428 0.0209199 0.0744838
3 0.558993 0.353934 0.018833 0.0554637
