3 0.2769 0.892897 0.0270146 0.0502989
3 0.343927 0.800923 0.0214552 0.0496592
3 0.46257 0.523925 0.0166582 0.0322091
3 0.401035 0.623562 0.0150746 0.0325242
3 0.3217 0.902709 0.0218509 0.0534773
3 0.509448 0.418196 0.0133471 0.0244234
3 0.365395 0.579454 0.0109543 0.0240644
3 0.402379 0.461199 0.0131 0.0278434
3 0.523164 0.369147 0.0106693 0.0240373
3 0.567975 0.230261 0.00878506 0.0205102
3 0.487416 0.413395 0.0135236 0.0321796
3 0.541936 0.269202 0.0111351 0.022063
3 0.590339 0.133452 0.00730171 0.0200195
