0 0.270626 0.456141 0.0302277 0.0817513
0 0.725453 0.558876 0.0478931 0.129061
0 0.206601 0.461351 0.0391403 0.0908796
0 0.350201 0.438629 0.0203589 0.0829593
0 0.409775 0.465189 0.0201599 0.0925476
0 0.290958 0.491136 0.021592 0.0971629
0 0.284542 0.502145 0.035563 0.12867
0 0.370361 0.447538 0.012502 0.0660177
0 0.726919 0.579632 0.0445401 0.0857015
0 0.382391 0.499398 0.0327761 0.153266
0 0.628681 0.469559 0.0375963 0.108428
0 0.376206 0.497296 0.0203655 0.156155
0 0.520859 0.448644 0.0204102 0.0819131
