3 0.407038 0.753741 0.0206822 0.0384369
3 0.29813 0.756195 0.0144555 0.034769
3 0.445526 0.605041 0.0123539 0.0388396
3 0.397371 0.827492 0.0179267 0.0343401
3 0.356122 0.823555 0.0176876 0.0362647
3 0.552533 0.151778 0.0228662 0.0502568
3 0.490835 0.524674 0.0125153 0.0230474
3 0.567726 0.267791 0.00752678 0.0204214
3 0.566511 0.336638 0.0116832 0.0421447
3 0.504978 0.335347 0.0119611 0.0321724
3 0.531336 0.397239 0.0109835 0.0229035
3 0.364625 0.981064 0.0328672 0.0374978
3 0.507332 0.428656 0.00952396 0.025599
