3 0.870315 0.635978 0.0418587 0.0564911
3 0.703367 0.49656 0.0320906 0.0349981
3 0.580326 0.39045 0.0355447 0.0491275
3 0.224465 0.193985 0.0302773 0.0387908
3 0.217003 0.14979 0.0328219 0.0383141
3 0.0183247 0.0822102 0.025846 0.0357387
3 0.0979642 0.0774872 0.0240336 0.0308044
3 0.06125 0.0879872 0.0276778 0.0370705
3 0.463257 0.342402 0.0279694 0.0361013
3 0.726318 0.372036 0.0302805 0.036397
3 0.0452445 0.042286 0.022395 0.0272481
3 0.219145 0.154304 0.0293158 0.0356863
3 0.0124242 0.121742 0.0234938 0.0382251
