3 0.474608 0.443668 0.0355099 0.0441219
3 0.398168 0.439088 0.037036 0.0417526
3 0.0999135 0.609996 0.0443709 0.0514635
3 0.303987 0.579434 0.0378 0.0456413
3 0.782349 0.268935 0.0264034 0.0377519
3 0.179373 0.610949 0.0455138 0.0529573
3 0.772318 0.237146 0.0279441 0.036594
3 0.596144 0.206072 0.0298793 0.0432362
3 0.20311 0.55807 0.0320892 0.0425446
3 0.98609 0.11353 0.023801 0.0295626
3 0.25013 0.457161 0.0277296 0.0324173
3 0.793647 0.14137 0.0261444 0.0337402
3 0.257801 0.452215 0.0413629 0.0415431
3 0.25606 0.457466 0.0385777 0.0329985
