3 0.359478 0.61816 0.207342 0.498539
3 0.843743 0.420315 0.115164 0.145873
3 0.381091 0.312475 0.0344466 0.0581339
3 0.836598 0.725037 0.130539 0.267211
3 0.670537 0.34785 0.092103 0.0902748
3 0.956509 0.506521 0.0869829 0.198974
3 0.727089 0.37001 0.0342835 0.0959512
3 0.587438 0.328306 0.0409349 0.0635019
3 0.837479 0.777745 0.134227 0.38203
3 0.778143 0.372833 0.0951542 0.108499
3 0.849146 0.876509 0.118744 0.239897
3 0.86096 0.893126 0.0888672 0.212501
2 0.861677 0.567973 0.0341671 0.0701519
3 0.887228 0.420531 0.203461 0.151115
