3 0.240835 0.465344 0.136155 0.168369
3 0.822257 0.437889 0.121293 0.176506
3 0.681367 0.380519 0.0435902 0.111826
3 0.978294 0.580191 0.0434124 0.220438
3 0.869113 0.437009 0.217768 0.187412
3 0.618845 0.353448 0.0947462 0.101437
3 0.554605 0.599946 0.0651998 0.174131
3 0.509719 0.333456 0.0342576 0.0672778
3 0.296187 0.249929 0.00860758 0.0202654
3 0.281126 0.318854 0.0411564 0.0658976
2 0.55554 0.517574 0.0539864 0.223408
3 0.181616 0.761919 0.339852 0.476162
3 0.573702 0.343782 0.0361912 0.0876545
