3 0.666816 0.800568 0.0629807 0.0729828
3 0.743936 0.840086 0.0692972 0.081476
3 0.913398 0.927934 0.0713177 0.0865373
3 0.437869 0.465015 0.0312099 0.0433577
3 0.516022 0.384293 0.0265575 0.0380495
3 0.471107 0.408067 0.0219258 0.0493802
3 0.578201 0.56305 0.0263727 0.0491294
3 0.818015 0.875536 0.0830692 0.104893
3 0.43179 0.910151 0.0261474 0.0998152
3 0.572387 0.439114 0.0231319 0.0423502
3 0.379537 0.798945 0.00927963 0.032589
3 0.594788 0.450474 0.0285844 0.049989
3 0.982144 0.962788 0.0357115 0.0744237
3 0.431396 0.816999 0.0231417 0.0890071
3 0.811876 0.870188 0.0670177 0.0829922
3 0.192844 0.0854036 0.0157384 0.0217626
3 0.114495 0.0942489 0.0181076 0.0192846
