3 0.577411 0.2663 0.0288939 0.038722
3 0.49309 0.3466 0.0330799 0.0477434
3 0.808752 0.793472 0.0722302 0.0901906
3 0.72655 0.741507 0.0665795 0.080878
3 0.638042 0.467042 0.0288887 0.050737
3 0.977229 0.904802 0.0455412 0.0692691
3 0.476564 0.733197 0.0236413 0.0901579
3 0.659924 0.343425 0.0285238 0.054556
3 0.47473 0.835358 0.0286593 0.110316
3 0.529209 0.287782 0.0219887 0.0557625
3 0.884073 0.832099 0.0728302 0.0794078
3 0.638734 0.330473 0.0308145 0.0464818
3 0.417706 0.54027 0.00852776 0.027474
